vfat/I:strip/I:channel/I:PanPin/I
0	63	0	3
0	62	1	5
0	64	2	2
0	65	3	4
0	61	4	7
0	60	5	9
0	66	6	6
0	67	7	8
0	59	8	11
0	58	9	13
0	68	10	10
0	69	11	12
0	57	12	15
0	56	13	17
0	70	14	14
0	71	15	16
0	55	16	19
0	54	17	21
0	72	18	18
0	73	19	20
0	53	20	23
0	52	21	25
0	74	22	22
0	75	23	24
0	51	24	27
0	50	25	29
0	76	26	26
0	77	27	28
0	49	28	31
0	48	29	33
0	78	30	30
0	79	31	32
0	47	32	35
0	46	33	37
0	80	34	34
0	81	35	36
0	45	36	39
0	44	37	41
0	82	38	38
0	83	39	40
0	43	40	43
0	42	41	45
0	84	42	42
0	85	43	44
0	41	44	47
0	40	45	49
0	86	46	46
0	87	47	48
0	39	48	51
0	38	49	53
0	88	50	50
0	89	51	52
0	37	52	55
0	36	53	57
0	90	54	54
0	91	55	56
0	35	56	59
0	34	57	61
0	92	58	58
0	93	59	60
0	33	60	63
0	32	61	65
0	94	62	62
0	95	63	64
0	31	64	67
0	30	65	69
0	96	66	66
0	97	67	68
0	29	68	71
0	28	69	73
0	98	70	70
0	99	71	72
0	27	72	75
0	26	73	77
0	100	74	74
0	101	75	76
0	25	76	79
0	24	77	81
0	102	78	78
0	103	79	80
0	23	80	83
0	22	81	85
0	104	82	82
0	105	83	84
0	21	84	87
0	20	85	89
0	106	86	86
0	107	87	88
0	19	88	91
0	18	89	93
0	108	90	90
0	109	91	92
0	17	92	95
0	16	93	97
0	110	94	94
0	111	95	96
0	15	96	99
0	14	97	101
0	112	98	98
0	113	99	100
0	13	100	103
0	12	101	105
0	114	102	102
0	115	103	104
0	11	104	107
0	10	105	109
0	116	106	106
0	117	107	108
0	9	108	111
0	8	109	113
0	118	110	110
0	119	111	112
0	7	112	115
0	6	113	117
0	120	114	114
0	121	115	116
0	5	116	119
0	4	117	121
0	122	118	118
0	123	119	120
0	3	120	123
0	2	121	125
0	124	122	122
0	125	123	124
0	1	124	127
0	0	125	129
0	126	126	126
0	127	127	128
1	63	0	3
1	62	1	5
1	64	2	2
1	65	3	4
1	61	4	7
1	60	5	9
1	66	6	6
1	67	7	8
1	59	8	11
1	58	9	13
1	68	10	10
1	69	11	12
1	57	12	15
1	56	13	17
1	70	14	14
1	71	15	16
1	55	16	19
1	54	17	21
1	72	18	18
1	73	19	20
1	53	20	23
1	52	21	25
1	74	22	22
1	75	23	24
1	51	24	27
1	50	25	29
1	76	26	26
1	77	27	28
1	49	28	31
1	48	29	33
1	78	30	30
1	79	31	32
1	47	32	35
1	46	33	37
1	80	34	34
1	81	35	36
1	45	36	39
1	44	37	41
1	82	38	38
1	83	39	40
1	43	40	43
1	42	41	45
1	84	42	42
1	85	43	44
1	41	44	47
1	40	45	49
1	86	46	46
1	87	47	48
1	39	48	51
1	38	49	53
1	88	50	50
1	89	51	52
1	37	52	55
1	36	53	57
1	90	54	54
1	91	55	56
1	35	56	59
1	34	57	61
1	92	58	58
1	93	59	60
1	33	60	63
1	32	61	65
1	94	62	62
1	95	63	64
1	31	64	67
1	30	65	69
1	96	66	66
1	97	67	68
1	29	68	71
1	28	69	73
1	98	70	70
1	99	71	72
1	27	72	75
1	26	73	77
1	100	74	74
1	101	75	76
1	25	76	79
1	24	77	81
1	102	78	78
1	103	79	80
1	23	80	83
1	22	81	85
1	104	82	82
1	105	83	84
1	21	84	87
1	20	85	89
1	106	86	86
1	107	87	88
1	19	88	91
1	18	89	93
1	108	90	90
1	109	91	92
1	17	92	95
1	16	93	97
1	110	94	94
1	111	95	96
1	15	96	99
1	14	97	101
1	112	98	98
1	113	99	100
1	13	100	103
1	12	101	105
1	114	102	102
1	115	103	104
1	11	104	107
1	10	105	109
1	116	106	106
1	117	107	108
1	9	108	111
1	8	109	113
1	118	110	110
1	119	111	112
1	7	112	115
1	6	113	117
1	120	114	114
1	121	115	116
1	5	116	119
1	4	117	121
1	122	118	118
1	123	119	120
1	3	120	123
1	2	121	125
1	124	122	122
1	125	123	124
1	1	124	127
1	0	125	129
1	126	126	126
1	127	127	128
2	0	0	3
2	1	1	5
2	127	2	2
2	126	3	4
2	2	4	7
2	3	5	9
2	125	6	6
2	124	7	8
2	4	8	11
2	5	9	13
2	123	10	10
2	122	11	12
2	6	12	15
2	7	13	17
2	121	14	14
2	120	15	16
2	8	16	19
2	9	17	21
2	119	18	18
2	118	19	20
2	10	20	23
2	11	21	25
2	117	22	22
2	116	23	24
2	12	24	27
2	13	25	29
2	115	26	26
2	114	27	28
2	14	28	31
2	15	29	33
2	113	30	30
2	112	31	32
2	16	32	35
2	17	33	37
2	111	34	34
2	110	35	36
2	18	36	39
2	19	37	41
2	109	38	38
2	108	39	40
2	20	40	43
2	21	41	45
2	107	42	42
2	106	43	44
2	22	44	47
2	23	45	49
2	105	46	46
2	104	47	48
2	24	48	51
2	25	49	53
2	103	50	50
2	102	51	52
2	26	52	55
2	27	53	57
2	101	54	54
2	100	55	56
2	28	56	59
2	29	57	61
2	99	58	58
2	98	59	60
2	30	60	63
2	31	61	65
2	97	62	62
2	96	63	64
2	32	64	67
2	33	65	69
2	95	66	66
2	94	67	68
2	34	68	71
2	35	69	73
2	93	70	70
2	92	71	72
2	36	72	75
2	37	73	77
2	91	74	74
2	90	75	76
2	38	76	79
2	39	77	81
2	89	78	78
2	88	79	80
2	40	80	83
2	41	81	85
2	87	82	82
2	86	83	84
2	42	84	87
2	43	85	89
2	85	86	86
2	84	87	88
2	44	88	91
2	45	89	93
2	83	90	90
2	82	91	92
2	46	92	95
2	47	93	97
2	81	94	94
2	80	95	96
2	48	96	99
2	49	97	101
2	79	98	98
2	78	99	100
2	50	100	103
2	51	101	105
2	77	102	102
2	76	103	104
2	52	104	107
2	53	105	109
2	75	106	106
2	74	107	108
2	54	108	111
2	55	109	113
2	73	110	110
2	72	111	112
2	56	112	115
2	57	113	117
2	71	114	114
2	70	115	116
2	58	116	119
2	59	117	121
2	69	118	118
2	68	119	120
2	60	120	123
2	61	121	125
2	67	122	122
2	66	123	124
2	62	124	127
2	63	125	129
2	65	126	126
2	64	127	128
3	0	0	3
3	1	1	5
3	127	2	2
3	126	3	4
3	2	4	7
3	3	5	9
3	125	6	6
3	124	7	8
3	4	8	11
3	5	9	13
3	123	10	10
3	122	11	12
3	6	12	15
3	7	13	17
3	121	14	14
3	120	15	16
3	8	16	19
3	9	17	21
3	119	18	18
3	118	19	20
3	10	20	23
3	11	21	25
3	117	22	22
3	116	23	24
3	12	24	27
3	13	25	29
3	115	26	26
3	114	27	28
3	14	28	31
3	15	29	33
3	113	30	30
3	112	31	32
3	16	32	35
3	17	33	37
3	111	34	34
3	110	35	36
3	18	36	39
3	19	37	41
3	109	38	38
3	108	39	40
3	20	40	43
3	21	41	45
3	107	42	42
3	106	43	44
3	22	44	47
3	23	45	49
3	105	46	46
3	104	47	48
3	24	48	51
3	25	49	53
3	103	50	50
3	102	51	52
3	26	52	55
3	27	53	57
3	101	54	54
3	100	55	56
3	28	56	59
3	29	57	61
3	99	58	58
3	98	59	60
3	30	60	63
3	31	61	65
3	97	62	62
3	96	63	64
3	32	64	67
3	33	65	69
3	95	66	66
3	94	67	68
3	34	68	71
3	35	69	73
3	93	70	70
3	92	71	72
3	36	72	75
3	37	73	77
3	91	74	74
3	90	75	76
3	38	76	79
3	39	77	81
3	89	78	78
3	88	79	80
3	40	80	83
3	41	81	85
3	87	82	82
3	86	83	84
3	42	84	87
3	43	85	89
3	85	86	86
3	84	87	88
3	44	88	91
3	45	89	93
3	83	90	90
3	82	91	92
3	46	92	95
3	47	93	97
3	81	94	94
3	80	95	96
3	48	96	99
3	49	97	101
3	79	98	98
3	78	99	100
3	50	100	103
3	51	101	105
3	77	102	102
3	76	103	104
3	52	104	107
3	53	105	109
3	75	106	106
3	74	107	108
3	54	108	111
3	55	109	113
3	73	110	110
3	72	111	112
3	56	112	115
3	57	113	117
3	71	114	114
3	70	115	116
3	58	116	119
3	59	117	121
3	69	118	118
3	68	119	120
3	60	120	123
3	61	121	125
3	67	122	122
3	66	123	124
3	62	124	127
3	63	125	129
3	65	126	126
3	64	127	128
4	63	0	3
4	62	1	5
4	64	2	2
4	65	3	4
4	61	4	7
4	60	5	9
4	66	6	6
4	67	7	8
4	59	8	11
4	58	9	13
4	68	10	10
4	69	11	12
4	57	12	15
4	56	13	17
4	70	14	14
4	71	15	16
4	55	16	19
4	54	17	21
4	72	18	18
4	73	19	20
4	53	20	23
4	52	21	25
4	74	22	22
4	75	23	24
4	51	24	27
4	50	25	29
4	76	26	26
4	77	27	28
4	49	28	31
4	48	29	33
4	78	30	30
4	79	31	32
4	47	32	35
4	46	33	37
4	80	34	34
4	81	35	36
4	45	36	39
4	44	37	41
4	82	38	38
4	83	39	40
4	43	40	43
4	42	41	45
4	84	42	42
4	85	43	44
4	41	44	47
4	40	45	49
4	86	46	46
4	87	47	48
4	39	48	51
4	38	49	53
4	88	50	50
4	89	51	52
4	37	52	55
4	36	53	57
4	90	54	54
4	91	55	56
4	35	56	59
4	34	57	61
4	92	58	58
4	93	59	60
4	33	60	63
4	32	61	65
4	94	62	62
4	95	63	64
4	31	64	67
4	30	65	69
4	96	66	66
4	97	67	68
4	29	68	71
4	28	69	73
4	98	70	70
4	99	71	72
4	27	72	75
4	26	73	77
4	100	74	74
4	101	75	76
4	25	76	79
4	24	77	81
4	102	78	78
4	103	79	80
4	23	80	83
4	22	81	85
4	104	82	82
4	105	83	84
4	21	84	87
4	20	85	89
4	106	86	86
4	107	87	88
4	19	88	91
4	18	89	93
4	108	90	90
4	109	91	92
4	17	92	95
4	16	93	97
4	110	94	94
4	111	95	96
4	15	96	99
4	14	97	101
4	112	98	98
4	113	99	100
4	13	100	103
4	12	101	105
4	114	102	102
4	115	103	104
4	11	104	107
4	10	105	109
4	116	106	106
4	117	107	108
4	9	108	111
4	8	109	113
4	118	110	110
4	119	111	112
4	7	112	115
4	6	113	117
4	120	114	114
4	121	115	116
4	5	116	119
4	4	117	121
4	122	118	118
4	123	119	120
4	3	120	123
4	2	121	125
4	124	122	122
4	125	123	124
4	1	124	127
4	0	125	129
4	126	126	126
4	127	127	128
5	0	0	3
5	1	1	5
5	127	2	2
5	126	3	4
5	2	4	7
5	3	5	9
5	125	6	6
5	124	7	8
5	4	8	11
5	5	9	13
5	123	10	10
5	122	11	12
5	6	12	15
5	7	13	17
5	121	14	14
5	120	15	16
5	8	16	19
5	9	17	21
5	119	18	18
5	118	19	20
5	10	20	23
5	11	21	25
5	117	22	22
5	116	23	24
5	12	24	27
5	13	25	29
5	115	26	26
5	114	27	28
5	14	28	31
5	15	29	33
5	113	30	30
5	112	31	32
5	16	32	35
5	17	33	37
5	111	34	34
5	110	35	36
5	18	36	39
5	19	37	41
5	109	38	38
5	108	39	40
5	20	40	43
5	21	41	45
5	107	42	42
5	106	43	44
5	22	44	47
5	23	45	49
5	105	46	46
5	104	47	48
5	24	48	51
5	25	49	53
5	103	50	50
5	102	51	52
5	26	52	55
5	27	53	57
5	101	54	54
5	100	55	56
5	28	56	59
5	29	57	61
5	99	58	58
5	98	59	60
5	30	60	63
5	31	61	65
5	97	62	62
5	96	63	64
5	32	64	67
5	33	65	69
5	95	66	66
5	94	67	68
5	34	68	71
5	35	69	73
5	93	70	70
5	92	71	72
5	36	72	75
5	37	73	77
5	91	74	74
5	90	75	76
5	38	76	79
5	39	77	81
5	89	78	78
5	88	79	80
5	40	80	83
5	41	81	85
5	87	82	82
5	86	83	84
5	42	84	87
5	43	85	89
5	85	86	86
5	84	87	88
5	44	88	91
5	45	89	93
5	83	90	90
5	82	91	92
5	46	92	95
5	47	93	97
5	81	94	94
5	80	95	96
5	48	96	99
5	49	97	101
5	79	98	98
5	78	99	100
5	50	100	103
5	51	101	105
5	77	102	102
5	76	103	104
5	52	104	107
5	53	105	109
5	75	106	106
5	74	107	108
5	54	108	111
5	55	109	113
5	73	110	110
5	72	111	112
5	56	112	115
5	57	113	117
5	71	114	114
5	70	115	116
5	58	116	119
5	59	117	121
5	69	118	118
5	68	119	120
5	60	120	123
5	61	121	125
5	67	122	122
5	66	123	124
5	62	124	127
5	63	125	129
5	65	126	126
5	64	127	128
6	63	0	3
6	62	1	5
6	64	2	2
6	65	3	4
6	61	4	7
6	60	5	9
6	66	6	6
6	67	7	8
6	59	8	11
6	58	9	13
6	68	10	10
6	69	11	12
6	57	12	15
6	56	13	17
6	70	14	14
6	71	15	16
6	55	16	19
6	54	17	21
6	72	18	18
6	73	19	20
6	53	20	23
6	52	21	25
6	74	22	22
6	75	23	24
6	51	24	27
6	50	25	29
6	76	26	26
6	77	27	28
6	49	28	31
6	48	29	33
6	78	30	30
6	79	31	32
6	47	32	35
6	46	33	37
6	80	34	34
6	81	35	36
6	45	36	39
6	44	37	41
6	82	38	38
6	83	39	40
6	43	40	43
6	42	41	45
6	84	42	42
6	85	43	44
6	41	44	47
6	40	45	49
6	86	46	46
6	87	47	48
6	39	48	51
6	38	49	53
6	88	50	50
6	89	51	52
6	37	52	55
6	36	53	57
6	90	54	54
6	91	55	56
6	35	56	59
6	34	57	61
6	92	58	58
6	93	59	60
6	33	60	63
6	32	61	65
6	94	62	62
6	95	63	64
6	31	64	67
6	30	65	69
6	96	66	66
6	97	67	68
6	29	68	71
6	28	69	73
6	98	70	70
6	99	71	72
6	27	72	75
6	26	73	77
6	100	74	74
6	101	75	76
6	25	76	79
6	24	77	81
6	102	78	78
6	103	79	80
6	23	80	83
6	22	81	85
6	104	82	82
6	105	83	84
6	21	84	87
6	20	85	89
6	106	86	86
6	107	87	88
6	19	88	91
6	18	89	93
6	108	90	90
6	109	91	92
6	17	92	95
6	16	93	97
6	110	94	94
6	111	95	96
6	15	96	99
6	14	97	101
6	112	98	98
6	113	99	100
6	13	100	103
6	12	101	105
6	114	102	102
6	115	103	104
6	11	104	107
6	10	105	109
6	116	106	106
6	117	107	108
6	9	108	111
6	8	109	113
6	118	110	110
6	119	111	112
6	7	112	115
6	6	113	117
6	120	114	114
6	121	115	116
6	5	116	119
6	4	117	121
6	122	118	118
6	123	119	120
6	3	120	123
6	2	121	125
6	124	122	122
6	125	123	124
6	1	124	127
6	0	125	129
6	126	126	126
6	127	127	128
7	0	0	3
7	1	1	5
7	127	2	2
7	126	3	4
7	2	4	7
7	3	5	9
7	125	6	6
7	124	7	8
7	4	8	11
7	5	9	13
7	123	10	10
7	122	11	12
7	6	12	15
7	7	13	17
7	121	14	14
7	120	15	16
7	8	16	19
7	9	17	21
7	119	18	18
7	118	19	20
7	10	20	23
7	11	21	25
7	117	22	22
7	116	23	24
7	12	24	27
7	13	25	29
7	115	26	26
7	114	27	28
7	14	28	31
7	15	29	33
7	113	30	30
7	112	31	32
7	16	32	35
7	17	33	37
7	111	34	34
7	110	35	36
7	18	36	39
7	19	37	41
7	109	38	38
7	108	39	40
7	20	40	43
7	21	41	45
7	107	42	42
7	106	43	44
7	22	44	47
7	23	45	49
7	105	46	46
7	104	47	48
7	24	48	51
7	25	49	53
7	103	50	50
7	102	51	52
7	26	52	55
7	27	53	57
7	101	54	54
7	100	55	56
7	28	56	59
7	29	57	61
7	99	58	58
7	98	59	60
7	30	60	63
7	31	61	65
7	97	62	62
7	96	63	64
7	32	64	67
7	33	65	69
7	95	66	66
7	94	67	68
7	34	68	71
7	35	69	73
7	93	70	70
7	92	71	72
7	36	72	75
7	37	73	77
7	91	74	74
7	90	75	76
7	38	76	79
7	39	77	81
7	89	78	78
7	88	79	80
7	40	80	83
7	41	81	85
7	87	82	82
7	86	83	84
7	42	84	87
7	43	85	89
7	85	86	86
7	84	87	88
7	44	88	91
7	45	89	93
7	83	90	90
7	82	91	92
7	46	92	95
7	47	93	97
7	81	94	94
7	80	95	96
7	48	96	99
7	49	97	101
7	79	98	98
7	78	99	100
7	50	100	103
7	51	101	105
7	77	102	102
7	76	103	104
7	52	104	107
7	53	105	109
7	75	106	106
7	74	107	108
7	54	108	111
7	55	109	113
7	73	110	110
7	72	111	112
7	56	112	115
7	57	113	117
7	71	114	114
7	70	115	116
7	58	116	119
7	59	117	121
7	69	118	118
7	68	119	120
7	60	120	123
7	61	121	125
7	67	122	122
7	66	123	124
7	62	124	127
7	63	125	129
7	65	126	126
7	64	127	128
8	0	0	3
8	1	1	5
8	127	2	2
8	126	3	4
8	2	4	7
8	3	5	9
8	125	6	6
8	124	7	8
8	4	8	11
8	5	9	13
8	123	10	10
8	122	11	12
8	6	12	15
8	7	13	17
8	121	14	14
8	120	15	16
8	8	16	19
8	9	17	21
8	119	18	18
8	118	19	20
8	10	20	23
8	11	21	25
8	117	22	22
8	116	23	24
8	12	24	27
8	13	25	29
8	115	26	26
8	114	27	28
8	14	28	31
8	15	29	33
8	113	30	30
8	112	31	32
8	16	32	35
8	17	33	37
8	111	34	34
8	110	35	36
8	18	36	39
8	19	37	41
8	109	38	38
8	108	39	40
8	20	40	43
8	21	41	45
8	107	42	42
8	106	43	44
8	22	44	47
8	23	45	49
8	105	46	46
8	104	47	48
8	24	48	51
8	25	49	53
8	103	50	50
8	102	51	52
8	26	52	55
8	27	53	57
8	101	54	54
8	100	55	56
8	28	56	59
8	29	57	61
8	99	58	58
8	98	59	60
8	30	60	63
8	31	61	65
8	97	62	62
8	96	63	64
8	32	64	67
8	33	65	69
8	95	66	66
8	94	67	68
8	34	68	71
8	35	69	73
8	93	70	70
8	92	71	72
8	36	72	75
8	37	73	77
8	91	74	74
8	90	75	76
8	38	76	79
8	39	77	81
8	89	78	78
8	88	79	80
8	40	80	83
8	41	81	85
8	87	82	82
8	86	83	84
8	42	84	87
8	43	85	89
8	85	86	86
8	84	87	88
8	44	88	91
8	45	89	93
8	83	90	90
8	82	91	92
8	46	92	95
8	47	93	97
8	81	94	94
8	80	95	96
8	48	96	99
8	49	97	101
8	79	98	98
8	78	99	100
8	50	100	103
8	51	101	105
8	77	102	102
8	76	103	104
8	52	104	107
8	53	105	109
8	75	106	106
8	74	107	108
8	54	108	111
8	55	109	113
8	73	110	110
8	72	111	112
8	56	112	115
8	57	113	117
8	71	114	114
8	70	115	116
8	58	116	119
8	59	117	121
8	69	118	118
8	68	119	120
8	60	120	123
8	61	121	125
8	67	122	122
8	66	123	124
8	62	124	127
8	63	125	129
8	65	126	126
8	64	127	128
9	0	0	3
9	1	1	5
9	127	2	2
9	126	3	4
9	2	4	7
9	3	5	9
9	125	6	6
9	124	7	8
9	4	8	11
9	5	9	13
9	123	10	10
9	122	11	12
9	6	12	15
9	7	13	17
9	121	14	14
9	120	15	16
9	8	16	19
9	9	17	21
9	119	18	18
9	118	19	20
9	10	20	23
9	11	21	25
9	117	22	22
9	116	23	24
9	12	24	27
9	13	25	29
9	115	26	26
9	114	27	28
9	14	28	31
9	15	29	33
9	113	30	30
9	112	31	32
9	16	32	35
9	17	33	37
9	111	34	34
9	110	35	36
9	18	36	39
9	19	37	41
9	109	38	38
9	108	39	40
9	20	40	43
9	21	41	45
9	107	42	42
9	106	43	44
9	22	44	47
9	23	45	49
9	105	46	46
9	104	47	48
9	24	48	51
9	25	49	53
9	103	50	50
9	102	51	52
9	26	52	55
9	27	53	57
9	101	54	54
9	100	55	56
9	28	56	59
9	29	57	61
9	99	58	58
9	98	59	60
9	30	60	63
9	31	61	65
9	97	62	62
9	96	63	64
9	32	64	67
9	33	65	69
9	95	66	66
9	94	67	68
9	34	68	71
9	35	69	73
9	93	70	70
9	92	71	72
9	36	72	75
9	37	73	77
9	91	74	74
9	90	75	76
9	38	76	79
9	39	77	81
9	89	78	78
9	88	79	80
9	40	80	83
9	41	81	85
9	87	82	82
9	86	83	84
9	42	84	87
9	43	85	89
9	85	86	86
9	84	87	88
9	44	88	91
9	45	89	93
9	83	90	90
9	82	91	92
9	46	92	95
9	47	93	97
9	81	94	94
9	80	95	96
9	48	96	99
9	49	97	101
9	79	98	98
9	78	99	100
9	50	100	103
9	51	101	105
9	77	102	102
9	76	103	104
9	52	104	107
9	53	105	109
9	75	106	106
9	74	107	108
9	54	108	111
9	55	109	113
9	73	110	110
9	72	111	112
9	56	112	115
9	57	113	117
9	71	114	114
9	70	115	116
9	58	116	119
9	59	117	121
9	69	118	118
9	68	119	120
9	60	120	123
9	61	121	125
9	67	122	122
9	66	123	124
9	62	124	127
9	63	125	129
9	65	126	126
9	64	127	128
10	0	0	3
10	1	1	5
10	127	2	2
10	126	3	4
10	2	4	7
10	3	5	9
10	125	6	6
10	124	7	8
10	4	8	11
10	5	9	13
10	123	10	10
10	122	11	12
10	6	12	15
10	7	13	17
10	121	14	14
10	120	15	16
10	8	16	19
10	9	17	21
10	119	18	18
10	118	19	20
10	10	20	23
10	11	21	25
10	117	22	22
10	116	23	24
10	12	24	27
10	13	25	29
10	115	26	26
10	114	27	28
10	14	28	31
10	15	29	33
10	113	30	30
10	112	31	32
10	16	32	35
10	17	33	37
10	111	34	34
10	110	35	36
10	18	36	39
10	19	37	41
10	109	38	38
10	108	39	40
10	20	40	43
10	21	41	45
10	107	42	42
10	106	43	44
10	22	44	47
10	23	45	49
10	105	46	46
10	104	47	48
10	24	48	51
10	25	49	53
10	103	50	50
10	102	51	52
10	26	52	55
10	27	53	57
10	101	54	54
10	100	55	56
10	28	56	59
10	29	57	61
10	99	58	58
10	98	59	60
10	30	60	63
10	31	61	65
10	97	62	62
10	96	63	64
10	32	64	67
10	33	65	69
10	95	66	66
10	94	67	68
10	34	68	71
10	35	69	73
10	93	70	70
10	92	71	72
10	36	72	75
10	37	73	77
10	91	74	74
10	90	75	76
10	38	76	79
10	39	77	81
10	89	78	78
10	88	79	80
10	40	80	83
10	41	81	85
10	87	82	82
10	86	83	84
10	42	84	87
10	43	85	89
10	85	86	86
10	84	87	88
10	44	88	91
10	45	89	93
10	83	90	90
10	82	91	92
10	46	92	95
10	47	93	97
10	81	94	94
10	80	95	96
10	48	96	99
10	49	97	101
10	79	98	98
10	78	99	100
10	50	100	103
10	51	101	105
10	77	102	102
10	76	103	104
10	52	104	107
10	53	105	109
10	75	106	106
10	74	107	108
10	54	108	111
10	55	109	113
10	73	110	110
10	72	111	112
10	56	112	115
10	57	113	117
10	71	114	114
10	70	115	116
10	58	116	119
10	59	117	121
10	69	118	118
10	68	119	120
10	60	120	123
10	61	121	125
10	67	122	122
10	66	123	124
10	62	124	127
10	63	125	129
10	65	126	126
10	64	127	128
11	0	0	3
11	1	1	5
11	127	2	2
11	126	3	4
11	2	4	7
11	3	5	9
11	125	6	6
11	124	7	8
11	4	8	11
11	5	9	13
11	123	10	10
11	122	11	12
11	6	12	15
11	7	13	17
11	121	14	14
11	120	15	16
11	8	16	19
11	9	17	21
11	119	18	18
11	118	19	20
11	10	20	23
11	11	21	25
11	117	22	22
11	116	23	24
11	12	24	27
11	13	25	29
11	115	26	26
11	114	27	28
11	14	28	31
11	15	29	33
11	113	30	30
11	112	31	32
11	16	32	35
11	17	33	37
11	111	34	34
11	110	35	36
11	18	36	39
11	19	37	41
11	109	38	38
11	108	39	40
11	20	40	43
11	21	41	45
11	107	42	42
11	106	43	44
11	22	44	47
11	23	45	49
11	105	46	46
11	104	47	48
11	24	48	51
11	25	49	53
11	103	50	50
11	102	51	52
11	26	52	55
11	27	53	57
11	101	54	54
11	100	55	56
11	28	56	59
11	29	57	61
11	99	58	58
11	98	59	60
11	30	60	63
11	31	61	65
11	97	62	62
11	96	63	64
11	32	64	67
11	33	65	69
11	95	66	66
11	94	67	68
11	34	68	71
11	35	69	73
11	93	70	70
11	92	71	72
11	36	72	75
11	37	73	77
11	91	74	74
11	90	75	76
11	38	76	79
11	39	77	81
11	89	78	78
11	88	79	80
11	40	80	83
11	41	81	85
11	87	82	82
11	86	83	84
11	42	84	87
11	43	85	89
11	85	86	86
11	84	87	88
11	44	88	91
11	45	89	93
11	83	90	90
11	82	91	92
11	46	92	95
11	47	93	97
11	81	94	94
11	80	95	96
11	48	96	99
11	49	97	101
11	79	98	98
11	78	99	100
11	50	100	103
11	51	101	105
11	77	102	102
11	76	103	104
11	52	104	107
11	53	105	109
11	75	106	106
11	74	107	108
11	54	108	111
11	55	109	113
11	73	110	110
11	72	111	112
11	56	112	115
11	57	113	117
11	71	114	114
11	70	115	116
11	58	116	119
11	59	117	121
11	69	118	118
11	68	119	120
11	60	120	123
11	61	121	125
11	67	122	122
11	66	123	124
11	62	124	127
11	63	125	129
11	65	126	126
11	64	127	128
12	63	0	3
12	62	1	5
12	64	2	2
12	65	3	4
12	61	4	7
12	60	5	9
12	66	6	6
12	67	7	8
12	59	8	11
12	58	9	13
12	68	10	10
12	69	11	12
12	57	12	15
12	56	13	17
12	70	14	14
12	71	15	16
12	55	16	19
12	54	17	21
12	72	18	18
12	73	19	20
12	53	20	23
12	52	21	25
12	74	22	22
12	75	23	24
12	51	24	27
12	50	25	29
12	76	26	26
12	77	27	28
12	49	28	31
12	48	29	33
12	78	30	30
12	79	31	32
12	47	32	35
12	46	33	37
12	80	34	34
12	81	35	36
12	45	36	39
12	44	37	41
12	82	38	38
12	83	39	40
12	43	40	43
12	42	41	45
12	84	42	42
12	85	43	44
12	41	44	47
12	40	45	49
12	86	46	46
12	87	47	48
12	39	48	51
12	38	49	53
12	88	50	50
12	89	51	52
12	37	52	55
12	36	53	57
12	90	54	54
12	91	55	56
12	35	56	59
12	34	57	61
12	92	58	58
12	93	59	60
12	33	60	63
12	32	61	65
12	94	62	62
12	95	63	64
12	31	64	67
12	30	65	69
12	96	66	66
12	97	67	68
12	29	68	71
12	28	69	73
12	98	70	70
12	99	71	72
12	27	72	75
12	26	73	77
12	100	74	74
12	101	75	76
12	25	76	79
12	24	77	81
12	102	78	78
12	103	79	80
12	23	80	83
12	22	81	85
12	104	82	82
12	105	83	84
12	21	84	87
12	20	85	89
12	106	86	86
12	107	87	88
12	19	88	91
12	18	89	93
12	108	90	90
12	109	91	92
12	17	92	95
12	16	93	97
12	110	94	94
12	111	95	96
12	15	96	99
12	14	97	101
12	112	98	98
12	113	99	100
12	13	100	103
12	12	101	105
12	114	102	102
12	115	103	104
12	11	104	107
12	10	105	109
12	116	106	106
12	117	107	108
12	9	108	111
12	8	109	113
12	118	110	110
12	119	111	112
12	7	112	115
12	6	113	117
12	120	114	114
12	121	115	116
12	5	116	119
12	4	117	121
12	122	118	118
12	123	119	120
12	3	120	123
12	2	121	125
12	124	122	122
12	125	123	124
12	1	124	127
12	0	125	129
12	126	126	126
12	127	127	128
13	0	0	3
13	1	1	5
13	127	2	2
13	126	3	4
13	2	4	7
13	3	5	9
13	125	6	6
13	124	7	8
13	4	8	11
13	5	9	13
13	123	10	10
13	122	11	12
13	6	12	15
13	7	13	17
13	121	14	14
13	120	15	16
13	8	16	19
13	9	17	21
13	119	18	18
13	118	19	20
13	10	20	23
13	11	21	25
13	117	22	22
13	116	23	24
13	12	24	27
13	13	25	29
13	115	26	26
13	114	27	28
13	14	28	31
13	15	29	33
13	113	30	30
13	112	31	32
13	16	32	35
13	17	33	37
13	111	34	34
13	110	35	36
13	18	36	39
13	19	37	41
13	109	38	38
13	108	39	40
13	20	40	43
13	21	41	45
13	107	42	42
13	106	43	44
13	22	44	47
13	23	45	49
13	105	46	46
13	104	47	48
13	24	48	51
13	25	49	53
13	103	50	50
13	102	51	52
13	26	52	55
13	27	53	57
13	101	54	54
13	100	55	56
13	28	56	59
13	29	57	61
13	99	58	58
13	98	59	60
13	30	60	63
13	31	61	65
13	97	62	62
13	96	63	64
13	32	64	67
13	33	65	69
13	95	66	66
13	94	67	68
13	34	68	71
13	35	69	73
13	93	70	70
13	92	71	72
13	36	72	75
13	37	73	77
13	91	74	74
13	90	75	76
13	38	76	79
13	39	77	81
13	89	78	78
13	88	79	80
13	40	80	83
13	41	81	85
13	87	82	82
13	86	83	84
13	42	84	87
13	43	85	89
13	85	86	86
13	84	87	88
13	44	88	91
13	45	89	93
13	83	90	90
13	82	91	92
13	46	92	95
13	47	93	97
13	81	94	94
13	80	95	96
13	48	96	99
13	49	97	101
13	79	98	98
13	78	99	100
13	50	100	103
13	51	101	105
13	77	102	102
13	76	103	104
13	52	104	107
13	53	105	109
13	75	106	106
13	74	107	108
13	54	108	111
13	55	109	113
13	73	110	110
13	72	111	112
13	56	112	115
13	57	113	117
13	71	114	114
13	70	115	116
13	58	116	119
13	59	117	121
13	69	118	118
13	68	119	120
13	60	120	123
13	61	121	125
13	67	122	122
13	66	123	124
13	62	124	127
13	63	125	129
13	65	126	126
13	64	127	128
14	63	0	3
14	62	1	5
14	64	2	2
14	65	3	4
14	61	4	7
14	60	5	9
14	66	6	6
14	67	7	8
14	59	8	11
14	58	9	13
14	68	10	10
14	69	11	12
14	57	12	15
14	56	13	17
14	70	14	14
14	71	15	16
14	55	16	19
14	54	17	21
14	72	18	18
14	73	19	20
14	53	20	23
14	52	21	25
14	74	22	22
14	75	23	24
14	51	24	27
14	50	25	29
14	76	26	26
14	77	27	28
14	49	28	31
14	48	29	33
14	78	30	30
14	79	31	32
14	47	32	35
14	46	33	37
14	80	34	34
14	81	35	36
14	45	36	39
14	44	37	41
14	82	38	38
14	83	39	40
14	43	40	43
14	42	41	45
14	84	42	42
14	85	43	44
14	41	44	47
14	40	45	49
14	86	46	46
14	87	47	48
14	39	48	51
14	38	49	53
14	88	50	50
14	89	51	52
14	37	52	55
14	36	53	57
14	90	54	54
14	91	55	56
14	35	56	59
14	34	57	61
14	92	58	58
14	93	59	60
14	33	60	63
14	32	61	65
14	94	62	62
14	95	63	64
14	31	64	67
14	30	65	69
14	96	66	66
14	97	67	68
14	29	68	71
14	28	69	73
14	98	70	70
14	99	71	72
14	27	72	75
14	26	73	77
14	100	74	74
14	101	75	76
14	25	76	79
14	24	77	81
14	102	78	78
14	103	79	80
14	23	80	83
14	22	81	85
14	104	82	82
14	105	83	84
14	21	84	87
14	20	85	89
14	106	86	86
14	107	87	88
14	19	88	91
14	18	89	93
14	108	90	90
14	109	91	92
14	17	92	95
14	16	93	97
14	110	94	94
14	111	95	96
14	15	96	99
14	14	97	101
14	112	98	98
14	113	99	100
14	13	100	103
14	12	101	105
14	114	102	102
14	115	103	104
14	11	104	107
14	10	105	109
14	116	106	106
14	117	107	108
14	9	108	111
14	8	109	113
14	118	110	110
14	119	111	112
14	7	112	115
14	6	113	117
14	120	114	114
14	121	115	116
14	5	116	119
14	4	117	121
14	122	118	118
14	123	119	120
14	3	120	123
14	2	121	125
14	124	122	122
14	125	123	124
14	1	124	127
14	0	125	129
14	126	126	126
14	127	127	128
15	0	0	3
15	1	1	5
15	127	2	2
15	126	3	4
15	2	4	7
15	3	5	9
15	125	6	6
15	124	7	8
15	4	8	11
15	5	9	13
15	123	10	10
15	122	11	12
15	6	12	15
15	7	13	17
15	121	14	14
15	120	15	16
15	8	16	19
15	9	17	21
15	119	18	18
15	118	19	20
15	10	20	23
15	11	21	25
15	117	22	22
15	116	23	24
15	12	24	27
15	13	25	29
15	115	26	26
15	114	27	28
15	14	28	31
15	15	29	33
15	113	30	30
15	112	31	32
15	16	32	35
15	17	33	37
15	111	34	34
15	110	35	36
15	18	36	39
15	19	37	41
15	109	38	38
15	108	39	40
15	20	40	43
15	21	41	45
15	107	42	42
15	106	43	44
15	22	44	47
15	23	45	49
15	105	46	46
15	104	47	48
15	24	48	51
15	25	49	53
15	103	50	50
15	102	51	52
15	26	52	55
15	27	53	57
15	101	54	54
15	100	55	56
15	28	56	59
15	29	57	61
15	99	58	58
15	98	59	60
15	30	60	63
15	31	61	65
15	97	62	62
15	96	63	64
15	32	64	67
15	33	65	69
15	95	66	66
15	94	67	68
15	34	68	71
15	35	69	73
15	93	70	70
15	92	71	72
15	36	72	75
15	37	73	77
15	91	74	74
15	90	75	76
15	38	76	79
15	39	77	81
15	89	78	78
15	88	79	80
15	40	80	83
15	41	81	85
15	87	82	82
15	86	83	84
15	42	84	87
15	43	85	89
15	85	86	86
15	84	87	88
15	44	88	91
15	45	89	93
15	83	90	90
15	82	91	92
15	46	92	95
15	47	93	97
15	81	94	94
15	80	95	96
15	48	96	99
15	49	97	101
15	79	98	98
15	78	99	100
15	50	100	103
15	51	101	105
15	77	102	102
15	76	103	104
15	52	104	107
15	53	105	109
15	75	106	106
15	74	107	108
15	54	108	111
15	55	109	113
15	73	110	110
15	72	111	112
15	56	112	115
15	57	113	117
15	71	114	114
15	70	115	116
15	58	116	119
15	59	117	121
15	69	118	118
15	68	119	120
15	60	120	123
15	61	121	125
15	67	122	122
15	66	123	124
15	62	124	127
15	63	125	129
15	65	126	126
15	64	127	128
16	127	0	3
16	126	1	5
16	0	2	2
16	1	3	4
16	125	4	7
16	124	5	9
16	2	6	6
16	3	7	8
16	123	8	11
16	122	9	13
16	4	10	10
16	5	11	12
16	121	12	15
16	120	13	17
16	6	14	14
16	7	15	16
16	119	16	19
16	118	17	21
16	8	18	18
16	9	19	20
16	117	20	23
16	116	21	25
16	10	22	22
16	11	23	24
16	115	24	27
16	114	25	29
16	12	26	26
16	13	27	28
16	113	28	31
16	112	29	33
16	14	30	30
16	15	31	32
16	111	32	35
16	110	33	37
16	16	34	34
16	17	35	36
16	109	36	39
16	108	37	41
16	18	38	38
16	19	39	40
16	107	40	43
16	106	41	45
16	20	42	42
16	21	43	44
16	105	44	47
16	104	45	49
16	22	46	46
16	23	47	48
16	103	48	51
16	102	49	53
16	24	50	50
16	25	51	52
16	101	52	55
16	100	53	57
16	26	54	54
16	27	55	56
16	99	56	59
16	98	57	61
16	28	58	58
16	29	59	60
16	97	60	63
16	96	61	65
16	30	62	62
16	31	63	64
16	95	64	67
16	94	65	69
16	32	66	66
16	33	67	68
16	93	68	71
16	92	69	73
16	34	70	70
16	35	71	72
16	91	72	75
16	90	73	77
16	36	74	74
16	37	75	76
16	89	76	79
16	88	77	81
16	38	78	78
16	39	79	80
16	87	80	83
16	86	81	85
16	40	82	82
16	41	83	84
16	85	84	87
16	84	85	89
16	42	86	86
16	43	87	88
16	83	88	91
16	82	89	93
16	44	90	90
16	45	91	92
16	81	92	95
16	80	93	97
16	46	94	94
16	47	95	96
16	79	96	99
16	78	97	101
16	48	98	98
16	49	99	100
16	77	100	103
16	76	101	105
16	50	102	102
16	51	103	104
16	75	104	107
16	74	105	109
16	52	106	106
16	53	107	108
16	73	108	111
16	72	109	113
16	54	110	110
16	55	111	112
16	71	112	115
16	70	113	117
16	56	114	114
16	57	115	116
16	69	116	119
16	68	117	121
16	58	118	118
16	59	119	120
16	67	120	123
16	66	121	125
16	60	122	122
16	61	123	124
16	65	124	127
16	64	125	129
16	62	126	126
16	63	127	128
17	127	0	3
17	126	1	5
17	0	2	2
17	1	3	4
17	125	4	7
17	124	5	9
17	2	6	6
17	3	7	8
17	123	8	11
17	122	9	13
17	4	10	10
17	5	11	12
17	121	12	15
17	120	13	17
17	6	14	14
17	7	15	16
17	119	16	19
17	118	17	21
17	8	18	18
17	9	19	20
17	117	20	23
17	116	21	25
17	10	22	22
17	11	23	24
17	115	24	27
17	114	25	29
17	12	26	26
17	13	27	28
17	113	28	31
17	112	29	33
17	14	30	30
17	15	31	32
17	111	32	35
17	110	33	37
17	16	34	34
17	17	35	36
17	109	36	39
17	108	37	41
17	18	38	38
17	19	39	40
17	107	40	43
17	106	41	45
17	20	42	42
17	21	43	44
17	105	44	47
17	104	45	49
17	22	46	46
17	23	47	48
17	103	48	51
17	102	49	53
17	24	50	50
17	25	51	52
17	101	52	55
17	100	53	57
17	26	54	54
17	27	55	56
17	99	56	59
17	98	57	61
17	28	58	58
17	29	59	60
17	97	60	63
17	96	61	65
17	30	62	62
17	31	63	64
17	95	64	67
17	94	65	69
17	32	66	66
17	33	67	68
17	93	68	71
17	92	69	73
17	34	70	70
17	35	71	72
17	91	72	75
17	90	73	77
17	36	74	74
17	37	75	76
17	89	76	79
17	88	77	81
17	38	78	78
17	39	79	80
17	87	80	83
17	86	81	85
17	40	82	82
17	41	83	84
17	85	84	87
17	84	85	89
17	42	86	86
17	43	87	88
17	83	88	91
17	82	89	93
17	44	90	90
17	45	91	92
17	81	92	95
17	80	93	97
17	46	94	94
17	47	95	96
17	79	96	99
17	78	97	101
17	48	98	98
17	49	99	100
17	77	100	103
17	76	101	105
17	50	102	102
17	51	103	104
17	75	104	107
17	74	105	109
17	52	106	106
17	53	107	108
17	73	108	111
17	72	109	113
17	54	110	110
17	55	111	112
17	71	112	115
17	70	113	117
17	56	114	114
17	57	115	116
17	69	116	119
17	68	117	121
17	58	118	118
17	59	119	120
17	67	120	123
17	66	121	125
17	60	122	122
17	61	123	124
17	65	124	127
17	64	125	129
17	62	126	126
17	63	127	128
18	64	0	3
18	65	1	5
18	63	2	2
18	62	3	4
18	66	4	7
18	67	5	9
18	61	6	6
18	60	7	8
18	68	8	11
18	69	9	13
18	59	10	10
18	58	11	12
18	70	12	15
18	71	13	17
18	57	14	14
18	56	15	16
18	72	16	19
18	73	17	21
18	55	18	18
18	54	19	20
18	74	20	23
18	75	21	25
18	53	22	22
18	52	23	24
18	76	24	27
18	77	25	29
18	51	26	26
18	50	27	28
18	78	28	31
18	79	29	33
18	49	30	30
18	48	31	32
18	80	32	35
18	81	33	37
18	47	34	34
18	46	35	36
18	82	36	39
18	83	37	41
18	45	38	38
18	44	39	40
18	84	40	43
18	85	41	45
18	43	42	42
18	42	43	44
18	86	44	47
18	87	45	49
18	41	46	46
18	40	47	48
18	88	48	51
18	89	49	53
18	39	50	50
18	38	51	52
18	90	52	55
18	91	53	57
18	37	54	54
18	36	55	56
18	92	56	59
18	93	57	61
18	35	58	58
18	34	59	60
18	94	60	63
18	95	61	65
18	33	62	62
18	32	63	64
18	96	64	67
18	97	65	69
18	31	66	66
18	30	67	68
18	98	68	71
18	99	69	73
18	29	70	70
18	28	71	72
18	100	72	75
18	101	73	77
18	27	74	74
18	26	75	76
18	102	76	79
18	103	77	81
18	25	78	78
18	24	79	80
18	104	80	83
18	105	81	85
18	23	82	82
18	22	83	84
18	106	84	87
18	107	85	89
18	21	86	86
18	20	87	88
18	108	88	91
18	109	89	93
18	19	90	90
18	18	91	92
18	110	92	95
18	111	93	97
18	17	94	94
18	16	95	96
18	112	96	99
18	113	97	101
18	15	98	98
18	14	99	100
18	114	100	103
18	115	101	105
18	13	102	102
18	12	103	104
18	116	104	107
18	117	105	109
18	11	106	106
18	10	107	108
18	118	108	111
18	119	109	113
18	9	110	110
18	8	111	112
18	120	112	115
18	121	113	117
18	7	114	114
18	6	115	116
18	122	116	119
18	123	117	121
18	5	118	118
18	4	119	120
18	124	120	123
18	125	121	125
18	3	122	122
18	2	123	124
18	126	124	127
18	127	125	129
18	1	126	126
18	0	127	128
19	64	0	3
19	65	1	5
19	63	2	2
19	62	3	4
19	66	4	7
19	67	5	9
19	61	6	6
19	60	7	8
19	68	8	11
19	69	9	13
19	59	10	10
19	58	11	12
19	70	12	15
19	71	13	17
19	57	14	14
19	56	15	16
19	72	16	19
19	73	17	21
19	55	18	18
19	54	19	20
19	74	20	23
19	75	21	25
19	53	22	22
19	52	23	24
19	76	24	27
19	77	25	29
19	51	26	26
19	50	27	28
19	78	28	31
19	79	29	33
19	49	30	30
19	48	31	32
19	80	32	35
19	81	33	37
19	47	34	34
19	46	35	36
19	82	36	39
19	83	37	41
19	45	38	38
19	44	39	40
19	84	40	43
19	85	41	45
19	43	42	42
19	42	43	44
19	86	44	47
19	87	45	49
19	41	46	46
19	40	47	48
19	88	48	51
19	89	49	53
19	39	50	50
19	38	51	52
19	90	52	55
19	91	53	57
19	37	54	54
19	36	55	56
19	92	56	59
19	93	57	61
19	35	58	58
19	34	59	60
19	94	60	63
19	95	61	65
19	33	62	62
19	32	63	64
19	96	64	67
19	97	65	69
19	31	66	66
19	30	67	68
19	98	68	71
19	99	69	73
19	29	70	70
19	28	71	72
19	100	72	75
19	101	73	77
19	27	74	74
19	26	75	76
19	102	76	79
19	103	77	81
19	25	78	78
19	24	79	80
19	104	80	83
19	105	81	85
19	23	82	82
19	22	83	84
19	106	84	87
19	107	85	89
19	21	86	86
19	20	87	88
19	108	88	91
19	109	89	93
19	19	90	90
19	18	91	92
19	110	92	95
19	111	93	97
19	17	94	94
19	16	95	96
19	112	96	99
19	113	97	101
19	15	98	98
19	14	99	100
19	114	100	103
19	115	101	105
19	13	102	102
19	12	103	104
19	116	104	107
19	117	105	109
19	11	106	106
19	10	107	108
19	118	108	111
19	119	109	113
19	9	110	110
19	8	111	112
19	120	112	115
19	121	113	117
19	7	114	114
19	6	115	116
19	122	116	119
19	123	117	121
19	5	118	118
19	4	119	120
19	124	120	123
19	125	121	125
19	3	122	122
19	2	123	124
19	126	124	127
19	127	125	129
19	1	126	126
19	0	127	128
20	127	0	3
20	126	1	5
20	0	2	2
20	1	3	4
20	125	4	7
20	124	5	9
20	2	6	6
20	3	7	8
20	123	8	11
20	122	9	13
20	4	10	10
20	5	11	12
20	121	12	15
20	120	13	17
20	6	14	14
20	7	15	16
20	119	16	19
20	118	17	21
20	8	18	18
20	9	19	20
20	117	20	23
20	116	21	25
20	10	22	22
20	11	23	24
20	115	24	27
20	114	25	29
20	12	26	26
20	13	27	28
20	113	28	31
20	112	29	33
20	14	30	30
20	15	31	32
20	111	32	35
20	110	33	37
20	16	34	34
20	17	35	36
20	109	36	39
20	108	37	41
20	18	38	38
20	19	39	40
20	107	40	43
20	106	41	45
20	20	42	42
20	21	43	44
20	105	44	47
20	104	45	49
20	22	46	46
20	23	47	48
20	103	48	51
20	102	49	53
20	24	50	50
20	25	51	52
20	101	52	55
20	100	53	57
20	26	54	54
20	27	55	56
20	99	56	59
20	98	57	61
20	28	58	58
20	29	59	60
20	97	60	63
20	96	61	65
20	30	62	62
20	31	63	64
20	95	64	67
20	94	65	69
20	32	66	66
20	33	67	68
20	93	68	71
20	92	69	73
20	34	70	70
20	35	71	72
20	91	72	75
20	90	73	77
20	36	74	74
20	37	75	76
20	89	76	79
20	88	77	81
20	38	78	78
20	39	79	80
20	87	80	83
20	86	81	85
20	40	82	82
20	41	83	84
20	85	84	87
20	84	85	89
20	42	86	86
20	43	87	88
20	83	88	91
20	82	89	93
20	44	90	90
20	45	91	92
20	81	92	95
20	80	93	97
20	46	94	94
20	47	95	96
20	79	96	99
20	78	97	101
20	48	98	98
20	49	99	100
20	77	100	103
20	76	101	105
20	50	102	102
20	51	103	104
20	75	104	107
20	74	105	109
20	52	106	106
20	53	107	108
20	73	108	111
20	72	109	113
20	54	110	110
20	55	111	112
20	71	112	115
20	70	113	117
20	56	114	114
20	57	115	116
20	69	116	119
20	68	117	121
20	58	118	118
20	59	119	120
20	67	120	123
20	66	121	125
20	60	122	122
20	61	123	124
20	65	124	127
20	64	125	129
20	62	126	126
20	63	127	128
21	64	0	3
21	65	1	5
21	63	2	2
21	62	3	4
21	66	4	7
21	67	5	9
21	61	6	6
21	60	7	8
21	68	8	11
21	69	9	13
21	59	10	10
21	58	11	12
21	70	12	15
21	71	13	17
21	57	14	14
21	56	15	16
21	72	16	19
21	73	17	21
21	55	18	18
21	54	19	20
21	74	20	23
21	75	21	25
21	53	22	22
21	52	23	24
21	76	24	27
21	77	25	29
21	51	26	26
21	50	27	28
21	78	28	31
21	79	29	33
21	49	30	30
21	48	31	32
21	80	32	35
21	81	33	37
21	47	34	34
21	46	35	36
21	82	36	39
21	83	37	41
21	45	38	38
21	44	39	40
21	84	40	43
21	85	41	45
21	43	42	42
21	42	43	44
21	86	44	47
21	87	45	49
21	41	46	46
21	40	47	48
21	88	48	51
21	89	49	53
21	39	50	50
21	38	51	52
21	90	52	55
21	91	53	57
21	37	54	54
21	36	55	56
21	92	56	59
21	93	57	61
21	35	58	58
21	34	59	60
21	94	60	63
21	95	61	65
21	33	62	62
21	32	63	64
21	96	64	67
21	97	65	69
21	31	66	66
21	30	67	68
21	98	68	71
21	99	69	73
21	29	70	70
21	28	71	72
21	100	72	75
21	101	73	77
21	27	74	74
21	26	75	76
21	102	76	79
21	103	77	81
21	25	78	78
21	24	79	80
21	104	80	83
21	105	81	85
21	23	82	82
21	22	83	84
21	106	84	87
21	107	85	89
21	21	86	86
21	20	87	88
21	108	88	91
21	109	89	93
21	19	90	90
21	18	91	92
21	110	92	95
21	111	93	97
21	17	94	94
21	16	95	96
21	112	96	99
21	113	97	101
21	15	98	98
21	14	99	100
21	114	100	103
21	115	101	105
21	13	102	102
21	12	103	104
21	116	104	107
21	117	105	109
21	11	106	106
21	10	107	108
21	118	108	111
21	119	109	113
21	9	110	110
21	8	111	112
21	120	112	115
21	121	113	117
21	7	114	114
21	6	115	116
21	122	116	119
21	123	117	121
21	5	118	118
21	4	119	120
21	124	120	123
21	125	121	125
21	3	122	122
21	2	123	124
21	126	124	127
21	127	125	129
21	1	126	126
21	0	127	128
22	127	0	3
22	126	1	5
22	0	2	2
22	1	3	4
22	125	4	7
22	124	5	9
22	2	6	6
22	3	7	8
22	123	8	11
22	122	9	13
22	4	10	10
22	5	11	12
22	121	12	15
22	120	13	17
22	6	14	14
22	7	15	16
22	119	16	19
22	118	17	21
22	8	18	18
22	9	19	20
22	117	20	23
22	116	21	25
22	10	22	22
22	11	23	24
22	115	24	27
22	114	25	29
22	12	26	26
22	13	27	28
22	113	28	31
22	112	29	33
22	14	30	30
22	15	31	32
22	111	32	35
22	110	33	37
22	16	34	34
22	17	35	36
22	109	36	39
22	108	37	41
22	18	38	38
22	19	39	40
22	107	40	43
22	106	41	45
22	20	42	42
22	21	43	44
22	105	44	47
22	104	45	49
22	22	46	46
22	23	47	48
22	103	48	51
22	102	49	53
22	24	50	50
22	25	51	52
22	101	52	55
22	100	53	57
22	26	54	54
22	27	55	56
22	99	56	59
22	98	57	61
22	28	58	58
22	29	59	60
22	97	60	63
22	96	61	65
22	30	62	62
22	31	63	64
22	95	64	67
22	94	65	69
22	32	66	66
22	33	67	68
22	93	68	71
22	92	69	73
22	34	70	70
22	35	71	72
22	91	72	75
22	90	73	77
22	36	74	74
22	37	75	76
22	89	76	79
22	88	77	81
22	38	78	78
22	39	79	80
22	87	80	83
22	86	81	85
22	40	82	82
22	41	83	84
22	85	84	87
22	84	85	89
22	42	86	86
22	43	87	88
22	83	88	91
22	82	89	93
22	44	90	90
22	45	91	92
22	81	92	95
22	80	93	97
22	46	94	94
22	47	95	96
22	79	96	99
22	78	97	101
22	48	98	98
22	49	99	100
22	77	100	103
22	76	101	105
22	50	102	102
22	51	103	104
22	75	104	107
22	74	105	109
22	52	106	106
22	53	107	108
22	73	108	111
22	72	109	113
22	54	110	110
22	55	111	112
22	71	112	115
22	70	113	117
22	56	114	114
22	57	115	116
22	69	116	119
22	68	117	121
22	58	118	118
22	59	119	120
22	67	120	123
22	66	121	125
22	60	122	122
22	61	123	124
22	65	124	127
22	64	125	129
22	62	126	126
22	63	127	128
23	64	0	3
23	65	1	5
23	63	2	2
23	62	3	4
23	66	4	7
23	67	5	9
23	61	6	6
23	60	7	8
23	68	8	11
23	69	9	13
23	59	10	10
23	58	11	12
23	70	12	15
23	71	13	17
23	57	14	14
23	56	15	16
23	72	16	19
23	73	17	21
23	55	18	18
23	54	19	20
23	74	20	23
23	75	21	25
23	53	22	22
23	52	23	24
23	76	24	27
23	77	25	29
23	51	26	26
23	50	27	28
23	78	28	31
23	79	29	33
23	49	30	30
23	48	31	32
23	80	32	35
23	81	33	37
23	47	34	34
23	46	35	36
23	82	36	39
23	83	37	41
23	45	38	38
23	44	39	40
23	84	40	43
23	85	41	45
23	43	42	42
23	42	43	44
23	86	44	47
23	87	45	49
23	41	46	46
23	40	47	48
23	88	48	51
23	89	49	53
23	39	50	50
23	38	51	52
23	90	52	55
23	91	53	57
23	37	54	54
23	36	55	56
23	92	56	59
23	93	57	61
23	35	58	58
23	34	59	60
23	94	60	63
23	95	61	65
23	33	62	62
23	32	63	64
23	96	64	67
23	97	65	69
23	31	66	66
23	30	67	68
23	98	68	71
23	99	69	73
23	29	70	70
23	28	71	72
23	100	72	75
23	101	73	77
23	27	74	74
23	26	75	76
23	102	76	79
23	103	77	81
23	25	78	78
23	24	79	80
23	104	80	83
23	105	81	85
23	23	82	82
23	22	83	84
23	106	84	87
23	107	85	89
23	21	86	86
23	20	87	88
23	108	88	91
23	109	89	93
23	19	90	90
23	18	91	92
23	110	92	95
23	111	93	97
23	17	94	94
23	16	95	96
23	112	96	99
23	113	97	101
23	15	98	98
23	14	99	100
23	114	100	103
23	115	101	105
23	13	102	102
23	12	103	104
23	116	104	107
23	117	105	109
23	11	106	106
23	10	107	108
23	118	108	111
23	119	109	113
23	9	110	110
23	8	111	112
23	120	112	115
23	121	113	117
23	7	114	114
23	6	115	116
23	122	116	119
23	123	117	121
23	5	118	118
23	4	119	120
23	124	120	123
23	125	121	125
23	3	122	122
23	2	123	124
23	126	124	127
23	127	125	129
23	1	126	126
23	0	127	128
